# t cpu_percent ram_percent gpu_util_percent gpu_mem_used_mb gpu_mem_total_mb gpu_power_watts gpu_error
1763931998.546427 1.7 15.2 2.0 904.8 8188.0 13.3 
1763931999.787933 0.7 15.2 0.0 904.8 8188.0 13.4 
1763932000.793715 0.0 15.2 0.0 904.3 8188.0 13.3 
1763932001.799085 0.0 15.2 0.0 904.1 8188.0 13.2 
1763932002.804073 2.0 15.3 0.0 903.1 8188.0 13.3 
1763932003.812411 0.2 15.3 0.0 903.1 8188.0 13.3 
1763932004.821511 0.2 15.3 0.0 899.1 8188.0 13.3 
1763932005.831765 1.4 15.2 0.0 888.1 8188.0 13.2 
1763932006.837588 0.7 15.3 0.0 888.1 8188.0 13.3 
1763932007.840441 0.5 15.3 0.0 893.4 8188.0 13.3 
1763932008.843904 0.1 15.3 0.0 893.4 8188.0 13.3 
1763932009.849609 2.3 15.3 0.0 893.4 8188.0 13.2 
1763932010.860729 0.1 15.3 0.0 893.4 8188.0 13.3 
1763932011.864380 0.2 15.3 0.0 893.4 8188.0 13.2 
1763932012.867294 0.6 15.3 0.0 893.4 8188.0 13.3 
1763932013.870210 2.7 15.3 0.0 893.4 8188.0 13.3 
1763932014.882846 0.5 15.3 0.0 893.1 8188.0 13.3 
1763932015.894881 0.2 15.3 0.0 892.5 8188.0 13.3 
1763932016.907174 0.3 15.3 0.0 892.5 8188.0 13.3 
1763932017.909936 2.0 15.3 0.0 892.5 8188.0 13.3 
1763932018.913323 0.0 15.3 0.0 892.5 8188.0 13.3 
1763932019.924881 0.2 15.3 0.0 892.5 8188.0 13.1 
1763932020.927347 0.0 15.3 0.0 892.5 8188.0 13.3 
1763932021.930215 0.4 15.3 0.0 892.5 8188.0 12.9 
1763932022.934971 0.2 15.3 0.0 892.5 8188.0 12.9 
1763932023.939424 0.2 15.3 0.0 892.5 8188.0 12.9 
1763932024.944545 0.2 15.3 0.0 892.5 8188.0 13.0 
1763932025.949106 0.9 15.3 0.0 892.5 8188.0 13.0 
1763932026.954495 0.2 15.3 0.0 892.5 8188.0 13.0 
1763932027.958910 0.2 15.3 0.0 892.5 8188.0 13.0 
1763932028.963787 0.3 15.3 0.0 881.5 8188.0 13.2 
1763932029.968267 2.6 15.3 0.0 881.5 8188.0 13.4 
1763932030.973807 0.2 15.3 0.0 881.5 8188.0 13.4 
1763932031.978780 0.1 15.3 0.0 881.5 8188.0 13.3 
1763932032.985583 0.3 15.3 0.0 881.5 8188.0 13.3 
1763932033.992309 2.3 15.3 0.0 881.5 8188.0 13.3 
1763932035.001789 0.2 15.3 0.0 881.5 8188.0 13.3 
1763932036.011800 0.4 15.3 0.0 881.5 8188.0 13.3 
1763932037.021097 0.2 15.3 0.0 881.5 8188.0 13.3 
1763932038.026929 2.2 15.3 0.0 881.5 8188.0 13.3 
1763932039.032571 0.3 15.3 0.0 881.5 8188.0 13.3 
1763932040.038434 0.2 15.3 0.0 881.5 8188.0 13.3 
1763932041.051296 0.3 15.3 0.0 881.5 8188.0 13.3 
1763932042.056998 1.2 15.3 0.0 881.5 8188.0 13.3 
1763932043.062555 0.4 15.3 0.0 881.5 8188.0 13.3 
1763932044.068414 0.1 15.3 0.0 881.5 8188.0 13.3 
1763932045.081919 0.1 15.3 0.0 881.5 8188.0 13.3 
1763932046.089719 2.5 15.3 0.0 881.5 8188.0 13.3 
1763932047.102747 0.7 15.3 0.0 881.5 8188.0 13.3 
1763932048.116416 0.3 15.3 0.0 881.5 8188.0 13.2 
1763932049.121984 0.2 15.3 0.0 881.5 8188.0 13.2 
1763932050.127406 1.4 15.3 0.0 876.6 8188.0 13.2 
1763932051.133307 0.7 15.3 0.0 876.6 8188.0 13.3 
1763932052.138987 0.1 15.3 0.0 876.6 8188.0 13.2 
1763932053.143209 0.7 15.3 0.0 876.6 8188.0 13.3 
1763932054.148396 0.9 15.3 0.0 876.6 8188.0 13.2 
1763932055.153103 0.1 15.3 0.0 876.6 8188.0 13.3 
1763932056.157913 0.1 15.3 0.0 876.6 8188.0 13.3 
1763932057.163130 0.2 15.3 0.0 876.6 8188.0 13.2 
1763932058.167910 1.1 15.3 0.0 876.6 8188.0 13.2 
1763932059.173281 0.7 15.3 0.0 876.6 8188.0 13.3 
1763932060.178267 0.1 15.3 0.0 876.6 8188.0 13.2 
1763932061.184074 0.5 15.3 0.0 876.6 8188.0 13.2 
1763932062.189280 0.7 15.3 0.0 876.6 8188.0 13.2 
1763932063.194751 0.5 15.3 0.0 876.6 8188.0 13.2 
1763932064.200513 0.5 15.3 0.0 876.6 8188.0 13.2 
1763932065.207633 1.9 15.3 0.0 876.6 8188.0 13.2 
1763932066.214603 0.4 15.3 0.0 876.6 8188.0 13.2 
1763932067.222624 0.0 15.3 0.0 876.6 8188.0 13.2 
1763932068.233202 0.5 15.3 0.0 876.6 8188.0 13.2 
1763932069.238174 1.8 15.3 5.0 876.6 8188.0 13.9 
1763932070.241265 0.0 15.3 0.0 876.6 8188.0 25.2 
1763932071.246982 0.3 15.3 0.0 876.6 8188.0 25.8 
1763932072.252200 0.2 15.3 0.0 876.6 8188.0 21.7 
1763932073.263641 2.0 15.3 0.0 876.6 8188.0 13.5 
1763932074.271928 0.2 15.3 0.0 876.6 8188.0 13.4 
1763932075.288457 0.2 15.3 0.0 876.6 8188.0 13.3 
1763932076.293736 0.1 15.3 0.0 876.6 8188.0 13.3 
1763932077.299028 1.7 15.3 0.0 876.6 8188.0 13.2 
1763932078.305636 0.7 15.3 0.0 876.6 8188.0 13.2 
1763932079.312231 0.3 15.3 0.0 876.6 8188.0 13.2 
1763932080.317412 1.1 15.3 0.0 876.6 8188.0 13.3 
1763932081.324192 1.6 15.3 0.0 876.6 8188.0 13.3 
1763932082.333358 0.3 15.3 0.0 876.6 8188.0 13.3 
1763932083.343271 0.6 15.3 0.0 876.6 8188.0 13.3 
1763932084.352025 0.9 15.3 0.0 876.6 8188.0 13.3 
1763932085.356976 1.6 15.3 0.0 876.6 8188.0 13.3 
1763932086.362040 0.2 15.3 0.0 876.6 8188.0 13.3 
1763932087.367359 0.3 15.3 0.0 876.6 8188.0 13.3 
1763932088.372480 0.5 15.3 0.0 876.6 8188.0 13.3 
1763932089.376439 2.4 15.3 0.0 876.6 8188.0 13.3 
1763932090.378205 0.1 15.3 0.0 876.6 8188.0 13.3 
1763932091.383334 0.2 15.3 0.0 876.6 8188.0 13.3 
1763932092.388076 0.0 15.3 0.0 876.6 8188.0 13.3 
1763932093.393581 1.2 15.3 0.0 876.6 8188.0 13.3 
1763932094.398858 0.3 15.3 0.0 876.6 8188.0 13.3 
1763932095.408996 0.3 15.3 0.0 876.6 8188.0 13.3 
1763932096.414649 0.2 15.3 0.0 876.6 8188.0 13.3 
1763932097.420124 1.6 15.3 0.0 876.6 8188.0 13.3 
1763932098.425967 0.3 15.3 0.0 876.6 8188.0 13.3 
1763932099.432131 0.2 15.3 0.0 876.6 8188.0 13.3 
1763932100.438400 0.0 15.3 0.0 876.6 8188.0 13.3 
1763932101.444849 0.9 15.3 0.0 876.6 8188.0 13.3 
1763932102.451306 0.2 15.3 0.0 876.6 8188.0 13.3 
1763932103.457319 0.4 15.3 0.0 876.6 8188.0 13.3 
1763932104.460220 1.2 15.3 0.0 876.6 8188.0 13.3 
1763932105.463972 0.2 15.3 0.0 876.6 8188.0 13.3 
1763932106.470142 0.3 15.3 0.0 876.6 8188.0 13.3 
1763932107.476405 0.6 15.3 0.0 876.6 8188.0 13.3 
1763932108.482531 1.2 15.3 0.0 876.6 8188.0 13.3 
1763932109.489098 0.3 15.3 0.0 876.6 8188.0 13.3 
1763932110.495626 0.2 15.3 0.0 876.6 8188.0 13.3 
1763932111.501962 0.1 15.3 0.0 876.6 8188.0 13.3 
1763932112.507832 0.7 15.3 0.0 876.6 8188.0 13.3 
1763932113.517317 1.2 15.3 0.0 876.6 8188.0 13.3 
1763932114.526532 0.2 15.3 0.0 876.6 8188.0 13.3 
1763932115.534416 0.3 15.3 0.0 876.6 8188.0 13.3 
1763932116.543405 1.9 15.3 0.0 876.6 8188.0 13.3 
1763932117.548720 0.1 15.3 0.0 876.6 8188.0 13.3 
