# t cpu_percent ram_percent gpu_util_percent gpu_mem_used_mb gpu_mem_total_mb gpu_power_watts gpu_error
1763929726.428740 8.8 29.7 1.0 1298.7 8188.0 27.1 
1763929727.453479 1.0 29.7 0.0 1300.4 8188.0 27.5 
1763929728.458342 1.9 29.7 0.0 1300.4 8188.0 27.4 
1763929729.464357 0.2 29.7 0.0 1298.2 8188.0 18.7 
1763929730.470520 2.3 29.7 0.0 1298.2 8188.0 13.2 
1763929731.475529 1.0 29.7 0.0 1298.0 8188.0 13.2 
1763929732.478012 0.2 29.7 0.0 1297.7 8188.0 13.2 
1763929733.484576 1.5 29.7 0.0 1297.1 8188.0 13.2 
1763929734.490640 0.1 29.7 0.0 1296.6 8188.0 13.2 
1763929735.496253 1.3 29.7 0.0 1286.9 8188.0 13.2 
1763929736.501049 0.7 29.7 0.0 1286.6 8188.0 13.2 
1763929737.503953 0.5 29.7 0.0 1286.6 8188.0 13.1 
1763929738.426497 0.9 29.7 0.0 1286.6 8188.0 13.2 
1763929739.431411 0.6 29.7 0.0 1286.6 8188.0 13.2 
1763929740.436202 1.0 29.7 0.0 1286.6 8188.0 13.2 
1763929741.442009 2.6 29.7 0.0 1285.8 8188.0 13.1 
1763929742.446853 0.2 29.7 0.0 1285.8 8188.0 13.2 
1763929743.451604 1.9 29.7 0.0 1287.2 8188.0 13.3 
1763929744.457128 0.7 29.7 0.0 1287.2 8188.0 13.2 
1763929745.461935 3.9 29.7 0.0 1287.2 8188.0 13.2 
1763929746.467780 0.6 29.7 0.0 1287.2 8188.0 13.2 
1763929747.470614 1.0 29.7 0.0 1287.2 8188.0 13.2 
1763929748.475734 0.2 29.7 0.0 1287.2 8188.0 13.2 
1763929749.481307 1.4 29.7 0.0 1287.2 8188.0 13.2 
1763929750.486869 1.3 29.7 0.0 1287.2 8188.0 13.6 
1763929751.490828 0.5 29.7 0.0 1287.2 8188.0 13.3 
1763929752.495295 0.3 29.7 0.0 1287.1 8188.0 13.2 
1763929753.501485 0.2 29.7 0.0 1287.1 8188.0 13.2 
1763929754.507453 1.2 29.7 0.0 1287.1 8188.0 13.2 
1763929755.512911 1.2 29.7 0.0 1287.2 8188.0 13.6 
1763929756.517594 0.8 29.7 0.0 1287.2 8188.0 13.1 
1763929757.520518 0.2 29.7 0.0 1287.2 8188.0 12.9 
1763929758.524887 0.8 29.7 0.0 1287.2 8188.0 12.9 
1763929759.530112 0.7 29.7 0.0 1287.2 8188.0 13.3 
1763929760.535547 0.8 29.7 0.0 1287.2 8188.0 13.0 
1763929761.540601 0.3 29.7 0.0 1287.2 8188.0 12.9 
1763929762.543228 0.5 29.7 0.0 1287.2 8188.0 12.9 
1763929763.549055 0.2 29.7 0.0 1287.2 8188.0 13.0 
1763929764.552772 1.9 29.8 0.0 1287.2 8188.0 12.9 
1763929765.558511 0.9 29.7 0.0 1287.2 8188.0 12.9 
1763929766.564463 2.5 29.7 0.0 1287.2 8188.0 12.9 
1763929767.569682 0.4 29.7 0.0 1287.0 8188.0 12.9 
1763929768.493626 2.2 29.8 0.0 1285.9 8188.0 12.9 
1763929769.497937 1.5 29.8 0.0 1285.3 8188.0 13.0 
1763929770.502427 1.8 29.8 0.0 1285.2 8188.0 12.9 
1763929771.504922 0.4 29.8 0.0 1281.2 8188.0 12.9 
1763929772.506999 0.5 29.8 0.0 1281.2 8188.0 12.8 
1763929773.509667 2.1 29.8 0.0 1281.2 8188.0 12.8 
1763929774.512499 1.2 29.8 0.0 1281.2 8188.0 12.9 
1763929775.521193 1.8 29.7 0.0 1281.2 8188.0 12.9 
1763929776.524114 0.3 29.7 0.0 1281.2 8188.0 12.9 
1763929777.529657 0.9 29.7 0.0 1281.2 8188.0 12.9 
1763929778.533372 0.2 29.7 0.0 1281.2 8188.0 12.9 
1763929779.537080 2.1 29.7 0.0 1281.2 8188.0 12.9 
1763929780.538770 0.5 29.7 0.0 1281.2 8188.0 12.9 
1763929781.544042 3.5 29.7 0.0 1281.2 8188.0 12.9 
1763929782.547216 0.2 29.7 0.0 1281.2 8188.0 12.9 
1763929783.552906 2.2 29.7 0.0 1281.2 8188.0 12.9 
1763929784.558177 1.2 29.7 0.0 1281.2 8188.0 12.9 
1763929785.563575 3.6 29.7 0.0 1281.2 8188.0 12.9 
1763929786.570520 0.3 29.7 0.0 1281.2 8188.0 12.9 
1763929787.576844 0.7 29.7 0.0 1281.2 8188.0 12.9 
1763929788.581885 0.4 29.7 0.0 1281.2 8188.0 12.9 
1763929789.587598 0.9 29.7 0.0 1281.2 8188.0 12.9 
1763929790.593919 1.5 29.7 0.0 1281.2 8188.0 12.9 
1763929791.600101 0.6 29.7 0.0 1281.2 8188.0 12.9 
1763929792.606492 0.8 29.7 0.0 1281.2 8188.0 12.9 
1763929793.612925 0.2 29.7 0.0 1281.2 8188.0 12.9 
1763929794.619569 1.6 29.7 0.0 1281.2 8188.0 12.9 
1763929795.626506 0.3 29.7 0.0 1281.2 8188.0 12.9 
1763929796.632925 0.6 29.7 0.0 1281.2 8188.0 12.9 
1763929797.639830 0.4 29.7 0.0 1281.2 8188.0 12.9 
1763929798.575452 1.1 29.7 0.0 1281.2 8188.0 12.9 
1763929799.580590 0.7 29.7 0.0 1281.2 8188.0 12.9 
1763929800.585929 3.4 29.7 0.0 1281.2 8188.0 12.9 
1763929801.590721 0.3 29.7 0.0 1281.2 8188.0 12.9 
1763929802.596188 2.2 29.7 0.0 1281.2 8188.0 12.9 
1763929803.601796 0.5 29.7 0.0 1281.2 8188.0 12.9 
1763929804.606429 3.1 29.7 0.0 1281.2 8188.0 12.9 
1763929805.612060 0.5 29.7 0.0 1281.2 8188.0 12.9 
1763929806.617159 1.8 29.7 0.0 1281.2 8188.0 12.9 
1763929807.622195 0.5 29.7 0.0 1281.2 8188.0 12.9 
1763929808.626301 1.6 29.7 0.0 1281.2 8188.0 12.9 
1763929809.629379 1.2 29.8 0.0 1281.2 8188.0 12.9 
1763929810.634832 0.3 29.8 0.0 1281.2 8188.0 12.9 
1763929811.640365 1.1 29.8 0.0 1281.2 8188.0 12.9 
1763929812.645979 0.2 29.8 0.0 1281.2 8188.0 12.9 
1763929813.651579 0.7 29.8 0.0 1281.2 8188.0 12.9 
1763929814.657262 0.9 29.7 0.0 1281.2 8188.0 12.9 
1763929815.662646 1.1 29.7 0.0 1281.2 8188.0 12.9 
1763929816.668679 0.5 29.7 0.0 1281.2 8188.0 12.9 
1763929817.674480 0.7 29.7 0.0 1281.2 8188.0 12.9 
1763929818.679965 0.3 29.7 0.0 1277.2 8188.0 12.9 
1763929819.689278 2.6 29.7 0.0 1277.2 8188.0 12.9 
1763929820.698812 0.8 29.7 0.0 1277.2 8188.0 12.9 
1763929821.708199 2.1 29.7 0.0 1277.2 8188.0 12.9 
1763929822.715541 0.3 29.7 0.0 1277.2 8188.0 12.9 
1763929823.718329 2.0 29.7 0.0 1277.2 8188.0 12.8 
1763929824.725484 1.0 29.7 0.0 1277.2 8188.0 12.9 
1763929825.730931 3.0 29.7 0.0 1277.2 8188.0 12.9 
1763929826.738701 0.3 29.7 0.0 1277.2 8188.0 12.9 
1763929827.746415 0.8 29.7 0.0 1277.2 8188.0 12.8 
1763929828.672241 0.7 29.7 0.0 1277.2 8188.0 12.9 
1763929829.677145 2.0 29.8 0.0 1277.2 8188.0 12.9 
1763929830.679184 0.4 29.7 0.0 1277.2 8188.0 12.9 
1763929831.683323 1.0 29.8 0.0 1277.2 8188.0 13.0 
1763929832.686778 2.9 29.7 0.0 1277.2 8188.0 13.0 
1763929833.689175 0.3 29.7 0.0 1277.2 8188.0 12.8 
1763929834.691467 1.5 29.7 0.0 1277.2 8188.0 12.9 
1763929835.695353 0.1 29.7 0.0 1277.2 8188.0 12.9 
1763929836.698066 1.5 29.7 0.0 1277.2 8188.0 12.9 
1763929837.701303 0.2 29.7 0.0 1277.2 8188.0 13.0 
1763929838.704187 2.1 29.7 0.0 1277.2 8188.0 12.9 
1763929839.707168 0.5 29.7 0.0 1277.2 8188.0 13.0 
1763929840.709968 2.4 29.8 0.0 1277.2 8188.0 13.0 
1763929841.713158 0.2 29.8 0.0 1277.2 8188.0 12.9 
1763929842.716624 0.9 29.8 0.0 1277.2 8188.0 12.9 
1763929843.719522 0.2 29.8 0.0 1277.2 8188.0 12.9 
1763929844.722929 2.2 29.7 0.0 1277.2 8188.0 12.9 
1763929845.727399 0.6 29.7 0.0 1277.2 8188.0 12.9 
